#x y z Px Py Pz t PDGid EvNum TrkId Parent weight
0.5256921539846423 0.3037875547002356 0.0 -0.07128911974481772 0.03489879816849068 81.95482047677403 323.628533648697 -13.0 1.0 0.0 0.0 1.0
16.024677642446047 -5.556428466568551 0.0 0.902820759617288 -0.15384614365791963 73.9749965429867 325.71549613745225 -13.0 2.0 0.0 0.0 1.0
-13.626165729356119 6.013417617387232 0.0 0.525322941071418 -0.3479149313877101 79.36783277563369 326.2850330644456 -13.0 3.0 0.0 0.0 1.0
-0.9301471039571572 8.925957604349541 0.0 -1.4768896739662019 -0.27581655976240427 85.02659244680135 326.81688184565115 -13.0 4.0 0.0 0.0 1.0
-0.17899767686121534 1.424257884416248 0.0 0.1559563077540607 0.08387892243411883 71.41971152368814 327.2009155969463 -13.0 5.0 0.0 0.0 1.0
-7.56483600837532 5.054422720029703 0.0 0.34422474831898464 -0.364179738586397 87.10122384198124 327.2308113509945 -13.0 6.0 0.0 0.0 1.0
-7.548204415860411 3.676638165391255 0.0 -0.21649885516186307 -0.5432855941722662 80.60325822447858 327.2915008220703 -13.0 7.0 0.0 0.0 1.0
-4.141204117382771 -19.275821965093506 0.0 -0.038192488772558 0.4897278860300593 70.74953358326995 327.3521907345055 -13.0 8.0 0.0 0.0 1.0
0.8426232856918376 -1.5928342455431064 0.0 -0.8998599514054697 0.02578369578471568 70.32726967517132 327.4898170970064 -13.0 9.0 0.0 0.0 1.0
9.889256349483269 -4.160038763394617 0.0 0.30015299859229116 0.12922474158030198 73.03368724155764 328.0487492668511 -13.0 10.0 0.0 0.0 1.0
-20.43418606186163 -0.5000162303174023 0.0 0.07230134259577681 -0.08138713626392242 63.257246935410905 328.2457989519278 -13.0 11.0 0.0 0.0 1.0
10.236386726700893 18.78276836819395 0.0 0.7059831362607116 0.1981621586772302 72.24166185250402 328.9737236091977 -13.0 12.0 0.0 0.0 1.0
2.8500711562217353 5.998142247493652 0.0 -0.03989322733270548 -0.04373252492879974 70.42562054414509 329.0112627444464 -13.0 13.0 0.0 0.0 1.0
-3.0978639954490985 -5.209772041052121 0.0 1.3758982657606977 0.23921500403300935 84.91825212254483 330.19416994718426 -13.0 14.0 0.0 0.0 1.0
-3.0161110238062623 -11.54397331733785 0.0 -0.20353886298503074 -0.04060145973258083 56.583464557961086 330.61823125782945 -13.0 15.0 0.0 0.0 1.0
9.028315360871012 -2.8357003826271567 0.0 -0.19172524128139612 -0.09685034830712944 79.56575934912115 330.7647927339201 -13.0 16.0 0.0 0.0 1.0
2.4091590403057297 -3.222455940969105 0.0 -0.143265277678874 0.05525164378704467 74.91804792361617 330.85650641388156 -13.0 17.0 0.0 0.0 1.0
-10.687649508331816 6.091140875631822 0.0 -0.5515515300662446 0.5246957716911637 73.87472184475408 330.85771498048 -13.0 18.0 0.0 0.0 1.0
8.510224808708553 -12.95729984009071 0.0 0.6500492881419886 -0.34060138791878014 68.01749264605208 330.86653201310855 -13.0 19.0 0.0 0.0 1.0
-4.3462327313421385 10.67673572625382 0.0 -0.21805950405777283 0.48919759032587384 83.12324523916632 330.96073456487056 -13.0 20.0 0.0 0.0 1.0
-1.3944736035542695 14.230883465047269 0.0 1.1151717056898693 0.4117722516145477 68.0000481064689 331.40074090149324 -13.0 21.0 0.0 0.0 1.0
9.670100421180978 7.554380853646077 0.0 -0.4955764912151126 -0.30110416184856836 74.7631360350293 331.408304150103 -13.0 22.0 0.0 0.0 1.0
-6.958841895276452 7.284562392397918 0.0 -0.39049216833576705 -0.21501662323300658 73.23723138508335 331.42007457831323 -13.0 23.0 0.0 0.0 1.0
-27.372758173672203 -5.291223624070162 0.0 0.6145145456165502 0.35607154485865955 63.219153180823106 331.5452651975033 -13.0 24.0 0.0 0.0 1.0
1.804944673990324 -11.222902382876706 0.0 -0.33331509223464084 0.23256504587035745 67.04556346752521 331.64148446972104 -13.0 25.0 0.0 0.0 1.0
0.958707425758024 -3.7203980348510406 0.0 -0.5103277844894483 0.16050942511906416 66.34706675336601 331.69235522101167 -13.0 26.0 0.0 0.0 1.0
9.892077324308977 -6.109822431665732 0.0 0.1666476511782015 -0.04246895380926461 84.55990010863566 331.82612696578883 -13.0 27.0 0.0 0.0 1.0
-11.282670023664666 -9.961550296818746 0.0 0.6842339643521176 -0.21786027648085665 69.62632628782536 331.8431430353818 -13.0 28.0 0.0 0.0 1.0
-2.294431221293727 -3.459557707952215 0.0 -0.3239378351825098 -0.07834986893998186 63.01956612152016 331.86935197839085 -13.0 29.0 0.0 0.0 1.0
-5.835009331542358 10.867392140815777 0.0 0.5860124193120844 -0.3881095005883187 77.95402374490473 331.8897418393946 -13.0 30.0 0.0 0.0 1.0
8.939194802573624 9.59377660737179 0.0 -0.49422107028464757 -0.13674547969590548 61.423510845877196 332.5581603621569 -13.0 31.0 0.0 0.0 1.0
18.599919535379076 -7.413560941237188 0.0 0.6759700294829494 0.18107204497104837 60.55271733789957 332.8792620258149 -13.0 32.0 0.0 0.0 1.0
9.717473155598071 5.827610090154066 0.0 -0.18376761339089967 -0.12956815447241907 72.72879188706703 333.0037589123054 -13.0 33.0 0.0 0.0 1.0
14.427906141299301 -0.7032266625214414 0.0 -0.08929009934296818 -0.12487923898423205 68.80452788393593 333.2358173952196 -13.0 34.0 0.0 0.0 1.0
9.422503374793612 -10.261584149293581 0.0 -0.6123795260983104 -0.11556922100079625 70.22965533442553 333.365446294447 -13.0 35.0 0.0 0.0 1.0
4.187959340634025 -2.6480880844712367 0.0 -0.3299477699970953 -0.05285149815541951 69.11616666841724 333.42348125431226 -13.0 36.0 0.0 0.0 1.0
-0.8434554831000076 -18.396684676343664 0.0 -0.24940695245508426 0.553607538925997 77.52029313830415 333.47358129246504 -13.0 37.0 0.0 0.0 1.0
9.377741406773655 3.6263802914594647 0.0 0.014873318293102204 -0.1619890116532241 66.49313819304794 333.50729291400256 -13.0 38.0 0.0 0.0 1.0
9.339372358934543 12.766289724663405 0.0 0.3663419563790868 0.05413399467019496 70.67890737658648 333.6887900638378 -13.0 39.0 0.0 0.0 1.0
0.003985392908963781 0.7133467352881993 0.0 -0.24238524218741023 -0.15842679127251563 64.34213127008995 333.86455117529414 -13.0 40.0 0.0 0.0 1.0
-4.392958372863303 14.312997866873385 0.0 -0.3652314299565857 0.49806572225612045 75.16402106619195 333.9900059058836 -13.0 41.0 0.0 0.0 1.0
4.857996561646346 1.7923233782763863 0.0 -0.6651701045075671 -0.11143923789178523 81.43549640733403 334.02180971467396 -13.0 42.0 0.0 0.0 1.0
-12.418595543383567 1.2357783871122159 0.0 -0.013344953913615646 -0.153713892827272 75.38793072468866 334.0947181497585 -13.0 43.0 0.0 0.0 1.0
-0.43068359593819594 3.3871552829687395 0.0 0.017972114073385316 -0.3478555917575167 79.50221675405491 334.12415146879266 -13.0 44.0 0.0 0.0 1.0
-14.291335367672975 -5.986329419659044 0.0 0.29694371296177 -0.33274720265886865 74.4505344813419 334.1666156140045 -13.0 45.0 0.0 0.0 1.0
4.780673964901148 -0.8872322609325064 0.0 0.5637002442981339 0.09586051019370637 55.67088797171784 334.2139434564815 -13.0 46.0 0.0 0.0 1.0
-3.7302954635200734 13.007180861093582 0.0 0.3826467381656373 -0.02810525907240258 57.81722461996701 334.2362032504187 -13.0 47.0 0.0 0.0 1.0
-2.6025802524938477 -4.929104930203325 0.0 -0.025656415976711124 -0.16524029068273094 64.35828609179906 334.25537640711894 -13.0 48.0 0.0 0.0 1.0
-0.5679124752148934 2.0000236859311165 0.0 0.08904807718088359 0.01974611362860182 76.33185266991606 334.2967879803382 -13.0 49.0 0.0 0.0 1.0
-12.695416080219623 9.630740122942452 0.0 0.20762760480549441 0.2721982678505501 67.76477709640228 334.5548973240906 -13.0 50.0 0.0 0.0 1.0
1.447708495480112 -2.963818489881074 0.0 -0.010719004434366757 -0.22221746696537395 59.11785857962318 334.61587066125173 -13.0 51.0 0.0 0.0 1.0
5.072998374012701 3.3158554760598875 0.0 -0.2845338263203636 -0.2409869109464041 56.77673599634326 334.8023706904846 -13.0 52.0 0.0 0.0 1.0
3.3419971177864682 -3.162870162591238 0.0 -0.7735573344137734 -0.208793300342242 70.49977831747337 334.8645489059222 -13.0 53.0 0.0 0.0 1.0
5.884435298399951 -4.352674807600519 0.0 -0.7628608310027026 0.16231163493670533 65.19012592483634 334.8903433848368 -13.0 54.0 0.0 0.0 1.0
-15.331871686205382 1.272380938011905 0.0 -0.07966522756521621 0.03591570706942524 66.48321383371656 334.90339286749014 -13.0 55.0 0.0 0.0 1.0
-19.626779484234092 -15.627862252489162 0.0 -0.0828115379032096 0.02417039154416879 72.16092206828137 334.9153860929465 -13.0 56.0 0.0 0.0 1.0
-0.05727912224353121 -0.5237384938995716 0.0 0.07370806501584524 0.19761170383290422 73.71553233092328 335.0422136999715 -13.0 57.0 0.0 0.0 1.0
19.233235892430393 7.466059755899384 0.0 0.396145128912747 -0.00021115671309315535 53.644438915785514 335.1504463574047 -13.0 58.0 0.0 0.0 1.0
5.734015552562438 -1.9222340428732585 0.0 0.2856445524832675 -0.2730472923757365 67.68422550005019 335.152680002675 -13.0 59.0 0.0 0.0 1.0
-0.9794619388522345 5.243437923980262 0.0 0.45659332326320295 0.37087615567851706 77.17212270936461 335.24228098516636 -13.0 60.0 0.0 0.0 1.0
23.299936126302796 3.224824706575823 0.0 -0.3779835349723739 -0.07576163287152383 58.33619249324445 335.2679291470982 -13.0 61.0 0.0 0.0 1.0
1.7582764636503998 3.290264480499706 0.0 -0.311150728256915 -0.03849943805955763 62.846494508613546 335.48218083615177 -13.0 62.0 0.0 0.0 1.0
-0.36482311395945843 -8.957793767847559 0.0 0.6296756695645894 0.22352068285253301 65.68360961262141 335.6474008422379 -13.0 63.0 0.0 0.0 1.0
-12.307195603053025 -11.474201701079938 0.0 -1.1885662996103956 -0.3958863980309266 61.13279497915353 335.6761023120389 -13.0 64.0 0.0 0.0 1.0
-13.948545525843636 -13.603735467933177 0.0 0.5136488278680783 0.009557095333261989 70.89730809993911 335.7206422749863 -13.0 65.0 0.0 0.0 1.0
-18.33705639446783 -3.910146133690835 0.0 0.02580111063085569 -0.07967573031509977 61.27445058210584 335.86743442030235 -13.0 66.0 0.0 0.0 1.0
-8.636063401252517 1.556455568780472 0.0 0.07505952083423073 0.22445778885238135 82.93380495211196 336.2028534537168 -13.0 67.0 0.0 0.0 1.0
1.088331255619697 2.2615626629129166 0.0 -0.49301047255633373 0.05437608989480841 62.98441823483817 336.28537869063194 -13.0 68.0 0.0 0.0 1.0
14.559626039355448 6.365761656846404 0.0 0.7092898933759216 0.387145590257082 62.322457312049735 336.49302730570895 -13.0 69.0 0.0 0.0 1.0
3.9896281101834123 2.2525765820144414 0.0 -0.13521973947646862 0.08243304500259219 65.21357062406805 336.49746476589416 -13.0 70.0 0.0 0.0 1.0
10.775872467848734 3.190288579657592 0.0 -0.40442459794212815 -0.11663978476293262 64.08583250889063 336.5017595432966 -13.0 71.0 0.0 0.0 1.0
14.507213971448827 12.021614552245092 0.0 0.4721179135313494 0.06276671461274795 65.80246794524807 336.63029049104193 -13.0 72.0 0.0 0.0 1.0
-9.516133177271806 -12.386094236918016 0.0 0.008249767443902704 -0.23217408296825906 55.04560440754911 336.6537685010093 -13.0 73.0 0.0 0.0 1.0
22.84964661737101 -9.124271524365131 0.0 0.5725042728932938 -0.2359635328564631 75.3126676308256 336.6671389742617 -13.0 74.0 0.0 0.0 1.0
-1.919063906391431 -9.283963517004379 0.0 0.23265857665749393 0.055379727889743 68.4759539181107 336.69761989410244 -13.0 75.0 0.0 0.0 1.0
-1.5669687422617535 0.6004389961458844 0.0 -0.06208379692952237 -0.28579167098655 68.22740112170145 336.7360224281051 -13.0 76.0 0.0 0.0 1.0
-14.13949892064871 -13.816995233549372 0.0 -0.12927400249140056 -0.47278564252151856 74.46856637427138 336.9284415822431 -13.0 77.0 0.0 0.0 1.0
5.241691975025371 -18.528449895695296 0.0 -0.6378413447141595 -0.28231988536455854 74.31629425489925 337.0392688168223 -13.0 78.0 0.0 0.0 1.0
4.73103936331391 -9.320652915502269 0.0 -0.9818130810795898 0.11570078337274836 52.941290745683375 337.04346115347096 -13.0 79.0 0.0 0.0 1.0
1.6257537868430199 11.94734553824656 0.0 -0.6078954778825563 -0.07442015648091642 54.845915492788755 337.0670763868205 -13.0 80.0 0.0 0.0 1.0
2.500638975985589 2.969660687400553 0.0 -0.7072264158518733 0.01062727186401719 57.618057908785886 337.1435524588233 -13.0 81.0 0.0 0.0 1.0
-6.393172446177417 9.000091400369032 0.0 0.1613591701822454 0.14421134700465035 67.3372879970289 337.217505700879 -13.0 82.0 0.0 0.0 1.0
-5.206346501641532 1.0488469220595746 0.0 0.2682190899763654 0.07141140228242848 59.92775845664463 337.25855613889547 -13.0 83.0 0.0 0.0 1.0
10.26982935845256 -8.4011927060175 0.0 -0.03281623517183297 0.18379148762698902 65.51118450576182 337.56247005518117 -13.0 84.0 0.0 0.0 1.0
-6.600053387686573 -2.0050469924375354 0.0 0.09128233756279222 -0.09565115418327008 47.35201395411439 337.6614003458741 -13.0 85.0 0.0 0.0 1.0
-16.9754191600669 -4.298240189563118 0.0 -0.656729843892464 0.059694397446453565 61.30870248767639 337.6563882946263 -13.0 86.0 0.0 0.0 1.0
0.733363407960395 -1.4536385748011476 0.0 0.4004817517209204 0.03672102273350793 61.97948527056505 337.73536563190896 -13.0 87.0 0.0 0.0 1.0
2.5076799961385072 27.19299044036293 0.0 0.4551615499799945 -0.027794977428190266 64.9345094758262 337.757883713544 -13.0 88.0 0.0 0.0 1.0
3.987825087713357 -2.805352140842641 0.0 0.5634926763378496 -0.20668633914870468 72.61154901817764 337.78330935086444 -13.0 89.0 0.0 0.0 1.0
-4.968147356249617 5.530735537943417 0.0 0.5615781866383271 -0.06525065982794472 63.705791813240154 337.8554780256297 -13.0 90.0 0.0 0.0 1.0
12.25221785401918 4.540518767438825 0.0 0.17311994981638934 -0.18253046823528016 54.0637140870506 337.94460196941236 -13.0 91.0 0.0 0.0 1.0
3.806367546748721 -0.4951913234091826 0.0 -0.2645936738128318 -0.05614549443682063 57.65844153209339 337.99305993065076 -13.0 92.0 0.0 0.0 1.0
6.547234849517773 4.267032682871076 0.0 -0.21666747895841137 0.10830587119196097 52.74331877119515 338.00256237289295 -13.0 93.0 0.0 0.0 1.0
-13.582058839879055 3.3298111993633612 0.0 0.50030908664811 0.2852819847892638 64.46978405642649 338.0380391858039 -13.0 94.0 0.0 0.0 1.0
5.121592495599584 -8.268742913433282 0.0 -0.6501453516138549 0.08182938712309767 60.39222278562495 338.11508821812447 -13.0 95.0 0.0 0.0 1.0
3.888000989703208 9.063090055770058 0.0 0.45770207531083645 0.043117897944777585 52.3236011494638 338.13672078713927 -13.0 96.0 0.0 0.0 1.0
18.889085274305682 -16.67656959692128 0.0 -0.4348693980868154 0.15212416969566533 74.31124831442388 338.1388531023832 -13.0 97.0 0.0 0.0 1.0
-11.584887356157335 9.830868246681254 0.0 -0.6515325982455071 0.20904278278457747 70.98570457810759 338.1764557290682 -13.0 98.0 0.0 0.0 1.0
8.5090600148139 10.85608832325083 0.0 0.1840510675891102 0.0012663568404435571 69.40887561331061 338.41797540557104 -13.0 99.0 0.0 0.0 1.0
7.911011757970283 3.0809012928476727 0.0 0.7998760880310548 0.023514354871067168 52.22700329117768 338.4298204211357 -13.0 100.0 0.0 0.0 1.0
-16.857097486547907 -4.719713766104846 0.0 -0.48950132275815256 0.08500505124972256 63.36874271516843 338.6021997184215 -13.0 101.0 0.0 0.0 1.0
2.105850498810564 -21.063233345296144 0.0 1.0566463103674604 -0.09168985567462215 60.32351817356271 338.7425847718902 -13.0 102.0 0.0 0.0 1.0
11.443998255334687 3.0224201545388407 0.0 0.3398040905034361 0.14059771710785676 51.21600574763209 338.8080670873622 -13.0 103.0 0.0 0.0 1.0
-5.967003372111312 -5.171881368283984 0.0 -0.6449043365619227 -0.11065562415838776 76.93807006855785 338.91334787535084 -13.0 104.0 0.0 0.0 1.0
6.565008903019121 -17.391418608521164 0.0 0.32373045038674036 -0.38234783015224827 67.48592635154439 339.00686318970804 -13.0 105.0 0.0 0.0 1.0
7.978154416201645 2.326581202923161 0.0 -0.5847609283736239 -0.034147138262986376 48.91496627039708 339.064902682352 -13.0 106.0 0.0 0.0 1.0
1.4476964203495253 9.308663758435419 0.0 -0.4977450427248651 0.10706239279035143 72.5327840778789 339.1013303974279 -13.0 107.0 0.0 0.0 1.0
-5.75046412716465 1.980715070880602 0.0 -0.0436974808419775 -0.032264327010587235 68.30461100258896 339.15562369701166 -13.0 108.0 0.0 0.0 1.0
-0.7440566113895947 -7.058290112837967 0.0 -0.19355871157470214 -0.019366693066244813 52.364720838834224 339.2427387565421 -13.0 109.0 0.0 0.0 1.0
-19.15646667795654 18.671400663105146 0.0 -0.17745193096384268 0.13276962510057855 50.69314298591517 339.315219673617 -13.0 110.0 0.0 0.0 1.0
6.487851972794146 -1.3859010948999562 0.0 -0.5661738389350602 0.03497608900738096 52.1580820709433 339.4876014038804 -13.0 111.0 0.0 0.0 1.0
-6.751663095710634 4.080249185132817 0.0 0.5430462857360487 0.26313403272019575 58.466926831230666 339.54802088694464 -13.0 112.0 0.0 0.0 1.0
-7.146334304676829 -23.14217479458861 0.0 -0.39634890219869584 -0.30342357038676837 63.45483173551835 339.9079886770859 -13.0 113.0 0.0 0.0 1.0
5.9487731560356485 5.350936495410427 0.0 0.01996106423902026 -0.028960451066065887 70.18806729604657 340.0059236385697 -13.0 114.0 0.0 0.0 1.0
-3.8054164712351777 6.423158515382598 0.0 -0.16597026104238533 0.07831760595401652 58.58924644190663 340.0533415021963 -13.0 115.0 0.0 0.0 1.0
3.2342992703298417 -6.145743987861145 0.0 0.39310961248586257 -0.13048481099442782 50.09944678781737 340.05934982406444 -13.0 116.0 0.0 0.0 1.0
7.816457147762935 -13.556948000208836 0.0 -0.08657367144732052 -0.3823489138778293 65.28352620933133 340.1419283361322 -13.0 117.0 0.0 0.0 1.0
-4.110590009029303 -4.136986798169686 0.0 0.015228580075168877 -0.01322815952212119 67.96646070145584 340.17315022659216 -13.0 118.0 0.0 0.0 1.0
16.7924457212988 -8.638063427958958 0.0 0.044478085789223284 0.2763879620090072 78.15752544782903 340.1928891984619 -13.0 119.0 0.0 0.0 1.0
13.325291767669054 -1.1623072421462262 0.0 -0.1371088320510348 -0.15729152783497552 65.05832757929663 340.2654511163904 -13.0 120.0 0.0 0.0 1.0
-2.2126961915704086 -9.157533112885408 0.0 0.1592022481443918 -0.06919098127085972 59.64903869418995 340.37627689341963 -13.0 121.0 0.0 0.0 1.0
12.41821267228661 -0.15257595008708377 0.0 -0.30718970986089333 -0.1623805249879039 62.80377441144305 340.3998058777027 -13.0 122.0 0.0 0.0 1.0
-15.810471233341307 -8.798189241642131 0.0 0.4015944859713463 -0.036045984676997066 56.509422346197496 340.4042861748248 -13.0 123.0 0.0 0.0 1.0
-9.213037717201091 6.079404092785481 0.0 0.012693164301819425 0.19486109082695324 67.4690749662836 340.4834673178093 -13.0 124.0 0.0 0.0 1.0
6.761848656562028 0.43980455423379355 0.0 0.4103153144235835 -0.08207868976974715 56.844965881112714 340.5215017261815 -13.0 125.0 0.0 0.0 1.0
5.600447826386799 -4.361799715265127 0.0 0.40535145552319923 0.0799870590030861 54.38629660478204 340.5566424574261 -13.0 126.0 0.0 0.0 1.0
7.619536604794233 6.6354278249311145 0.0 -0.12186256497293264 0.30929145819412157 62.76269855196542 340.57988367607817 -13.0 127.0 0.0 0.0 1.0
-1.6312300330248302 -3.3825548667900343 0.0 -0.1831173091255545 -0.09056304786261307 63.39140700279232 340.60749191857934 -13.0 128.0 0.0 0.0 1.0
5.96417349754991 -7.31841312369091 0.0 -0.04855344986885519 -0.059585362494925055 55.42660571552674 340.63636527032475 -13.0 129.0 0.0 0.0 1.0
-6.586464478460511 10.359361165969112 0.0 0.6712093679275323 -0.03207962386855199 54.59643987205279 340.67571457033785 -13.0 130.0 0.0 0.0 1.0
2.3728045436057643 -1.6430468631337007 0.0 0.3356518194512144 -0.11305138393719069 74.02519074546647 340.70471561171416 -13.0 131.0 0.0 0.0 1.0
-11.171176923332446 8.930397994919565 0.0 -0.1833382070739424 0.059029624711184094 47.535667193150836 340.7741744753252 -13.0 132.0 0.0 0.0 1.0
2.6973414927480377 3.104507634118254 0.0 -0.049801217649967866 -0.0017907569081706757 65.82129273793547 340.853091848993 -13.0 133.0 0.0 0.0 1.0
-3.266132405710171 -6.874606639986227 0.0 0.21712566141904496 0.008657980648913472 60.02031290483792 340.9143735534058 -13.0 134.0 0.0 0.0 1.0
-6.482657389309413 -15.058570890094858 0.0 0.019298317244634808 0.09611011948032747 67.22189097352938 340.9701010801039 -13.0 135.0 0.0 0.0 1.0
10.966990017868769 8.166393781079703 0.0 0.5819192345232886 0.064115290201628 53.087286800858834 341.140407160257 -13.0 136.0 0.0 0.0 1.0
-4.749897862440818 -0.0711874142773197 0.0 0.6239929004298463 -0.1487207531009788 60.4891707471691 341.1426843532672 -13.0 137.0 0.0 0.0 1.0
4.134486799299119 -0.46652679086922305 0.0 0.44473221582947897 0.09907606632158501 63.37805300462132 341.24529646807093 -13.0 138.0 0.0 0.0 1.0
-18.909525721303233 -5.119978087754381 0.0 -0.2580776008756835 -0.09793392526355944 59.65216887699726 341.28601324265264 -13.0 139.0 0.0 0.0 1.0
-16.69574003305894 -22.345598957600018 0.0 0.6383447468485514 0.2514850181827236 70.09270624079232 341.29917105807334 -13.0 140.0 0.0 0.0 1.0
17.904424649895148 -5.157524177128208 0.0 0.5643965952764222 -0.12055028755764258 50.590128991702855 341.3514890459904 -13.0 141.0 0.0 0.0 1.0
14.696870045897901 -0.2153158030627517 0.0 0.6485679166071134 0.10008327944143286 70.8025604175088 341.3600800971159 -13.0 142.0 0.0 0.0 1.0
-5.724561580529703 6.410331215425667 0.0 -0.043102773626426276 -0.051929359573716305 52.70839625307066 341.3952031439198 -13.0 143.0 0.0 0.0 1.0
-3.2115950402987536 4.667542902122197 0.0 0.06283602692125591 -0.0561859908843254 57.84900246848012 341.42669726578816 -13.0 144.0 0.0 0.0 1.0
3.757823075152368 14.664260901501665 0.0 -0.16154008828854124 0.4881880284958865 69.27518294435104 341.53301362440914 -13.0 145.0 0.0 0.0 1.0
0.6334094374333521 -1.6686596349205183 0.0 -0.9146593868945888 0.32611181129036254 69.99992114905751 341.6711694997933 -13.0 146.0 0.0 0.0 1.0
-6.64782744993091 -1.789231364331708 0.0 -0.17262846302595242 0.1214282030458222 53.60572010271885 341.67901647299925 -13.0 147.0 0.0 0.0 1.0
-3.800835818989329 10.445691506505597 0.0 0.04530661278207309 0.09129315744221776 49.653538126260415 341.69084353111487 -13.0 148.0 0.0 0.0 1.0
3.5075210794746736 20.455122378604706 0.0 0.4870179074266126 -0.10767055376550895 61.645327054417436 341.78599549526547 -13.0 149.0 0.0 0.0 1.0
0.008669044497339802 9.197333328923817 0.0 0.5038906143372363 -0.039242757277996775 51.781126031452004 341.8999317657077 -13.0 150.0 0.0 0.0 1.0
-1.100472783050069 10.459654794475517 0.0 0.9114352451399818 -0.046457004593692675 47.878586390277114 341.9081209982835 -13.0 151.0 0.0 0.0 1.0
-0.7628456549122923 -1.1909269050125528 0.0 0.22860892114174988 -0.13685080265485966 56.070762012496466 342.0155030741978 -13.0 152.0 0.0 0.0 1.0
0.3729471866997957 -15.588705248758467 0.0 -0.07907801816650098 0.09689998946871045 50.185450278077944 342.06083810510484 -13.0 153.0 0.0 0.0 1.0
-1.9876596309767747 -18.29734170645744 0.0 -0.3999897948700055 0.1720690152366661 53.58232595198026 342.14543039662067 -13.0 154.0 0.0 0.0 1.0
-12.502777869493487 -1.036764479267118 0.0 0.1660186149903004 0.4295903165036302 80.00937510582244 342.22506914578713 -13.0 155.0 0.0 0.0 1.0
-5.03701793059589 2.8558019468334828 0.0 -0.4247652786719556 0.16620082573116815 58.77507264405102 342.26151736929023 -13.0 156.0 0.0 0.0 1.0
6.449898611620539 -16.1813267084725 0.0 0.6196158177099826 0.02022451840537289 58.08315785170935 342.3042602324143 -13.0 157.0 0.0 0.0 1.0
-0.2808208709269498 -5.952834900859803 0.0 0.5255634925529119 0.16385401711070047 53.12940111093426 342.3856976022761 -13.0 158.0 0.0 0.0 1.0
6.056280953404839 -1.7315840745366653 0.0 0.6570103658328914 -0.12315953324332904 51.279693233476095 342.4581868451033 -13.0 159.0 0.0 0.0 1.0
-8.499207480346346 13.667677365524437 0.0 -0.44071695948517137 -0.04023023780077292 60.09540388031683 342.6951609876332 -13.0 160.0 0.0 0.0 1.0
2.845634863321028 7.498346051255866 0.0 0.27449103159247973 -0.0263979041516751 47.84818494763585 342.7855852567758 -13.0 161.0 0.0 0.0 1.0
-1.3511846239956116 -6.486954797562222 0.0 0.30738444106224855 0.14571660025605265 62.90407940161616 342.86099396009894 -13.0 162.0 0.0 0.0 1.0
13.824154385697634 11.603019443621596 0.0 -0.18584685104609713 0.28422124116651326 60.66404214491444 342.86881329051783 -13.0 163.0 0.0 0.0 1.0
12.379334794607562 -4.9058547236963195 0.0 0.003794239217326782 -0.20035423515463605 49.139610964406494 342.87375935032435 -13.0 164.0 0.0 0.0 1.0
-27.087891675788498 7.29135960297701 0.0 0.8195179729889844 -0.1410439734970134 66.57743438318037 342.8855030381094 -13.0 165.0 0.0 0.0 1.0
3.956392564675554 -11.019384853517776 0.0 -0.40671273257131285 0.07017384996105741 51.14105115475759 342.93829387628097 -13.0 166.0 0.0 0.0 1.0
-1.6698953604050977 3.945168092745449 0.0 0.33548555866409535 -0.11845207596780218 57.670010511361156 342.93246828490106 -13.0 167.0 0.0 0.0 1.0
6.15749599526208 -20.88716604891762 0.0 0.1666472102479835 -0.02311943407278881 53.99142079729559 343.01547002615183 -13.0 168.0 0.0 0.0 1.0
1.4888201608952145 13.858765330226156 0.0 0.054009139982551586 0.3524767333955332 72.18253094413915 343.0181864014396 -13.0 169.0 0.0 0.0 1.0
-1.5848502263683306 4.092547201930726 0.0 -0.006034862966884265 0.01215220598954944 50.55768359543241 343.0399268463353 -13.0 170.0 0.0 0.0 1.0
10.283020175922545 -15.424738669442181 0.0 0.38596802856612716 -0.09341791196274947 52.43358412297866 343.1296998455314 -13.0 171.0 0.0 0.0 1.0
6.640356641133661 -9.341465452393152 0.0 -0.27828795593234384 -0.07719299903765807 48.54939526394418 343.2312734564762 -13.0 172.0 0.0 0.0 1.0
-6.979841207264929 -7.119473033845036 0.0 0.8051963576520849 0.12471170710215392 83.26299561982302 343.36492407342274 -13.0 173.0 0.0 0.0 1.0
-22.975760738866597 -16.113912291869134 0.0 -0.49949885327235183 -0.12968200263386162 69.8582265765026 343.4446478784561 -13.0 174.0 0.0 0.0 1.0
-7.51227688513368 -9.529877045014782 0.0 -0.039605150014617535 -0.10345194040748963 67.45273838748096 343.5164102370047 -13.0 175.0 0.0 0.0 1.0
17.023280845487058 8.408090242656366 0.0 -0.13742803001564538 -0.07046391604377826 69.61899797119393 343.5654739914383 -13.0 176.0 0.0 0.0 1.0
-15.835325835063916 10.835636536314082 0.0 -0.27005158989843114 0.21593957727315005 57.797458898784285 343.6011608281766 -13.0 177.0 0.0 0.0 1.0
19.68925664333004 2.831131390443989 0.0 -0.7167257516106059 0.16355893643110106 71.08385260071171 343.61775825011443 -13.0 178.0 0.0 0.0 1.0
10.62036924352223 -18.659307469413065 0.0 -0.5855492020925859 -0.17577510434797328 53.203710807390586 343.65892436624205 -13.0 179.0 0.0 0.0 1.0
1.6681218988673274 -11.32989299917369 0.0 -0.5026521207975208 -0.07492101988055805 53.10528251398394 343.74469098610496 -13.0 180.0 0.0 0.0 1.0
-3.6468255682303177 16.308378822941833 0.0 0.0069848437843875915 -0.017643821508579738 51.080131381672814 343.77199011545974 -13.0 181.0 0.0 0.0 1.0
-9.103897107950386 -2.093917775567093 0.0 0.4296650141837005 0.2652831055863316 56.73259725261224 343.9198274435933 -13.0 182.0 0.0 0.0 1.0
13.40845948642632 -14.634283880941148 0.0 -0.3758307308794227 -0.10369402398673468 50.62701642800536 343.9411993694672 -13.0 183.0 0.0 0.0 1.0
4.391897183439905 -7.7585815772651054 0.0 -0.6943518397443332 0.034510262804149976 49.55385905800335 343.958886308198 -13.0 184.0 0.0 0.0 1.0
5.488732679431661 3.1348062390909215 0.0 -0.29988085369691236 -0.1646279482423422 67.4034031509712 344.00358838911825 -13.0 185.0 0.0 0.0 1.0
-0.6357934880319117 11.7411476098237 0.0 -0.006474183631571539 0.11914809570418011 63.35583238098914 344.01659230721697 -13.0 186.0 0.0 0.0 1.0
-6.961303444499576 11.676610349538722 0.0 -0.08292607460775582 -0.013438724403040494 62.6675524106608 344.0905582859188 -13.0 187.0 0.0 0.0 1.0
-9.328014488905444 -2.8532057366993144 0.0 0.26987339254717835 0.2207639064420583 60.01902116756837 344.2455474722575 -13.0 188.0 0.0 0.0 1.0
-9.344030578945253 -6.169215787626306 0.0 -0.20457533452821997 -0.018905249752718446 44.0459346944785 344.33452164439444 -13.0 189.0 0.0 0.0 1.0
-4.4596395944082285 1.5344056129707775 0.0 -0.24141761697639674 0.05742130306089826 59.626836079348074 344.35667810415015 -13.0 190.0 0.0 0.0 1.0
-7.3581666313221845 2.3199971385464355 0.0 0.3025671377676597 0.08151107815298969 54.93976692157152 344.36809920154167 -13.0 191.0 0.0 0.0 1.0
2.1847218461704774 12.391017223823008 0.0 -0.5017454891065964 -0.3302618307769388 55.73816636133141 344.3974666135227 -13.0 192.0 0.0 0.0 1.0
-15.091408976507147 12.151925428942311 0.0 0.7581798807886024 0.011812671790719381 56.75583557160438 344.4419018763678 -13.0 193.0 0.0 0.0 1.0
2.0815181539111185 12.659636230568038 0.0 -0.08615229375705968 0.23777967077292736 62.79305389048445 344.6914300485643 -13.0 194.0 0.0 0.0 1.0
-5.5401777914108505 3.3731467465688225 0.0 1.0334813731590429 -0.08912664742013508 51.287346457952324 344.71765668037466 -13.0 195.0 0.0 0.0 1.0
11.294307888847857 5.9117722674962465 0.0 0.7584010727795983 0.05677666899679702 58.71575543360398 344.8089461895084 -13.0 196.0 0.0 0.0 1.0
7.975554225353127 -17.47439275552458 0.0 -0.4298330394480294 -0.08158547134551539 52.980970375233575 344.82163372555084 -13.0 197.0 0.0 0.0 1.0
-1.8183119874580176 -3.901078920859566 0.0 -0.27120738461003324 0.09198273698087611 56.91442779905135 344.8229389782318 -13.0 198.0 0.0 0.0 1.0
10.65520455188993 -1.0745325211225638 0.0 0.12156349908224319 0.11558490262567156 65.363982891021 344.84852959759877 -13.0 199.0 0.0 0.0 1.0
-8.160036886853485 9.867019504586011 0.0 0.6061734141573039 0.36119742763537804 67.71428408056143 344.92799581416773 -13.0 200.0 0.0 0.0 1.0
5.1951980151366906 1.0071590362699658 0.0 0.7127870090432182 -0.19752223501393243 51.29886262360852 344.9589346247144 -13.0 201.0 0.0 0.0 1.0
-10.18327732424207 5.898127238559375 0.0 -0.013074811710573038 -0.02448957416858859 51.70623860539253 344.9756647295849 -13.0 202.0 0.0 0.0 1.0
-2.096159441141024 3.0842864390319877 0.0 -0.2017821416602359 0.13756038161772696 65.97518481960357 345.05198678170933 -13.0 203.0 0.0 0.0 1.0
4.69303726194064 -2.059574230594786 0.0 0.48682600085836825 0.027494801559131588 55.07432597645063 345.0809271947588 -13.0 204.0 0.0 0.0 1.0
2.125024489849693 -1.834947097128508 0.0 -0.4656144747830031 0.07280182738213592 48.4552734098439 345.25073018567315 -13.0 205.0 0.0 0.0 1.0
0.3450832428632525 2.996210875087355 0.0 0.09416294681990955 0.01418706469455382 52.65301618334367 345.3265154550479 -13.0 206.0 0.0 0.0 1.0
-4.996208516805211 1.0120941860577135 0.0 -0.4440019306825618 0.2998377390509539 60.08038426372794 345.3296496167126 -13.0 207.0 0.0 0.0 1.0
-12.133571372484539 8.688630328453904 0.0 0.035508721273944215 -0.1603202753060869 70.34970994726528 345.3669593742096 -13.0 208.0 0.0 0.0 1.0
7.054399303117762 -6.001528772048418 0.0 -0.7579768312009513 -0.028640098140474184 48.5705600546167 345.42097265857274 -13.0 209.0 0.0 0.0 1.0
-8.570907293189835 -7.6170651250252694 0.0 0.6441317393373032 0.36932327151213096 57.76786884734059 345.48969005117186 -13.0 210.0 0.0 0.0 1.0
10.839536672163769 27.81679718701599 0.0 0.33655788973408624 0.09630163152054802 59.840200892932764 345.5020838153876 -13.0 211.0 0.0 0.0 1.0
-4.482295872815665 -20.30507075314479 0.0 0.02179491067589973 -0.02776381158250877 58.80465257481435 345.5558123930142 -13.0 212.0 0.0 0.0 1.0
13.92933944105549 -15.053729659938595 0.0 0.1300270849066686 -0.10649623422920954 45.284602948156675 345.6438116680815 -13.0 213.0 0.0 0.0 1.0
-7.503784391986029 3.7377964390191853 0.0 0.25440046000482314 -0.0627341602686071 51.7328058197631 345.64094293270364 -13.0 214.0 0.0 0.0 1.0
-0.3522335365084677 -10.61613429512058 0.0 0.28784149199088066 -0.07320204770282836 68.99017680697041 345.64166486145183 -13.0 215.0 0.0 0.0 1.0
6.058775728084596 5.9090501517401455 0.0 -0.9096669517976629 -0.05356372433042724 53.27188159824341 345.65004168932256 -13.0 216.0 0.0 0.0 1.0
-14.190483234056735 -16.610987483092938 0.0 -0.512568715306866 0.26560289761174694 72.20460509556194 345.64886037117924 -13.0 217.0 0.0 0.0 1.0
16.681587747302245 16.59998470011894 0.0 0.5730049897644213 -0.32933107604750217 62.11089469415485 345.7522806162175 -13.0 218.0 0.0 0.0 1.0
-13.319437995715628 -9.877498821684041 0.0 0.24209970559772717 0.05610021070830537 57.34294803167117 346.01409744458954 -13.0 219.0 0.0 0.0 1.0
3.212280153260381 -7.576662120309538 0.0 0.844486744989641 0.0768160070474452 54.85450153678329 346.04319604570844 -13.0 220.0 0.0 0.0 1.0
13.09888516554683 -13.27367637765775 0.0 0.02431727445776719 -0.02725527944827735 39.48786313409414 346.0661090837379 -13.0 221.0 0.0 0.0 1.0
-3.9934255980901057 -5.989177341556978 0.0 0.5656526682617965 0.18096828220608935 73.67611469073812 346.15257443920905 -13.0 222.0 0.0 0.0 1.0
-12.330580970078662 15.599611009914021 0.0 0.1828189035904123 -0.026736904073741328 51.909550323234036 346.2195034883941 -13.0 223.0 0.0 0.0 1.0
9.45502769166871 14.194346645322959 0.0 0.3534891932910058 -0.06738211777733058 50.13600654450408 346.2286684464767 -13.0 224.0 0.0 0.0 1.0
-1.4750261743207895 -5.754305525730619 0.0 -0.257710263756378 -0.21178779053190122 53.6020221617313 346.34531458016636 -13.0 225.0 0.0 0.0 1.0
6.748374971520999 -5.451858580159991 0.0 -0.818438968020763 -0.057311374529211694 38.89165254916543 346.4269703377248 -13.0 226.0 0.0 0.0 1.0
-11.174254431632999 5.344919814747609 0.0 -0.12723147365954693 -0.04613158254871426 49.059916038138276 346.48336529271364 -13.0 227.0 0.0 0.0 1.0
-1.386855957371843 21.53612206365039 0.0 0.8552503069275432 0.057236664110565064 55.40341780073024 346.48303412774135 -13.0 228.0 0.0 0.0 1.0
13.021614953550683 1.8420769903263046 0.0 0.08673256419731991 -0.015496275747258297 51.172173394932656 346.549351274097 -13.0 229.0 0.0 0.0 1.0
-1.0233647121994802 -6.7778250687740185 0.0 0.538861613754024 -0.04749760344036762 47.242223197134265 346.5814887125086 -13.0 230.0 0.0 0.0 1.0
-19.037191123203133 8.179357333914547 0.0 0.14357917913046805 -0.2022308402324591 64.39664798930784 346.7324828522918 -13.0 231.0 0.0 0.0 1.0
-10.909631933485631 3.304104524310973 0.0 -0.059179202864677864 0.07484852895095853 55.572199623515 346.80178343500535 -13.0 232.0 0.0 0.0 1.0
4.299588640930823 21.47970300152162 0.0 0.3562303337559417 0.027107104535388483 43.136791827017 346.93036613566767 -13.0 233.0 0.0 0.0 1.0
-6.529898987401913 10.165062385485944 0.0 -0.25126058486287245 -0.17050125806678895 70.55039387897055 346.987212192148 -13.0 234.0 0.0 0.0 1.0
-10.40425876456366 11.456273153563474 0.0 -0.15472296787985088 0.06395205248533664 52.37828359602903 347.08508385340065 -13.0 235.0 0.0 0.0 1.0
-18.890906417000732 14.398777385340384 0.0 0.03194592279851321 0.0569031317148318 45.16391271867919 347.22516182728214 -13.0 236.0 0.0 0.0 1.0
2.202346927013864 -12.91008012456306 0.0 0.4498925906856362 0.0428234173808059 50.940702089004986 347.27113681640145 -13.0 237.0 0.0 0.0 1.0
-1.0282720869847242 -0.9364754979680664 0.0 -0.4869955015321336 -0.001622754136676388 64.8411674211462 347.2781914266578 -13.0 238.0 0.0 0.0 1.0
2.4079346771155428 -12.742573628070385 0.0 -0.0234559624542408 -0.020331451773089888 47.66632587757095 347.30874283172807 -13.0 239.0 0.0 0.0 1.0
13.251890297111647 7.9762674834679075 0.0 -0.10924070838884695 0.03333088755602067 47.6742970742054 347.3280720051552 -13.0 240.0 0.0 0.0 1.0
10.773585512532742 5.749756665201957 0.0 0.3771044464125894 0.2417356415733439 67.76023741725052 347.38752324390595 -13.0 241.0 0.0 0.0 1.0
11.866241481530956 6.772074429737024 0.0 0.10056125181470592 0.026923243923893482 58.64426350171542 347.4424777405644 -13.0 242.0 0.0 0.0 1.0
1.8258599547800047 -4.996714139468206 0.0 -0.5550279063907024 0.010762241173911918 46.876546950266736 347.4537381654645 -13.0 243.0 0.0 0.0 1.0
-6.479281681332397 -3.5980016055072213 0.0 0.645298144786455 0.10110455487208293 47.22342123305711 347.4654101260166 -13.0 244.0 0.0 0.0 1.0
-15.974685228324613 -14.44768411740818 0.0 0.19585949530792865 -0.029251429863467987 44.62969058850551 347.4711309883186 -13.0 245.0 0.0 0.0 1.0
5.948206131948259 22.33539484466443 0.0 0.7253421167444022 0.10681796513213783 53.363185726411714 347.4695654024458 -13.0 246.0 0.0 0.0 1.0
5.25816127266805 -2.0770271411260928 0.0 -0.18441695456505824 -0.012241635893809607 66.33195016364245 347.5792634121598 -13.0 247.0 0.0 0.0 1.0
-4.550835489656204 -0.18831868516912917 0.0 0.158842119000734 0.13354421465047966 51.56331941125408 347.6011057906947 -13.0 248.0 0.0 0.0 1.0
6.764374276635116 -27.02928567364477 0.0 -0.8581554624254358 -0.038924641164619495 51.42000979607992 347.62811798607856 -13.0 249.0 0.0 0.0 1.0
-3.6456720045855504 -11.903699376294782 0.0 0.41078794179024747 0.11411695447589683 58.11566541714701 347.6238496898323 -13.0 250.0 0.0 0.0 1.0
24.91236995611691 13.141167789373977 0.0 -0.5543868212912235 -0.18144361569370676 52.97354163047871 347.6804547729821 -13.0 251.0 0.0 0.0 1.0
-4.746201063923175 7.068580188245312 0.0 0.7763567292370048 0.03526484861504709 47.68114931017953 347.73785986416544 -13.0 252.0 0.0 0.0 1.0
-19.18229752797739 11.21404052440949 0.0 -0.17218462679036248 -0.026611935471994468 48.15331478877788 347.94023776063085 -13.0 253.0 0.0 0.0 1.0
15.136198121197387 0.5195920977407585 0.0 -0.45830516844283764 -0.01124584376985392 59.05691811018366 347.94402453742634 -13.0 254.0 0.0 0.0 1.0
8.099525562587685 -0.72752540859725 0.0 -0.3366331032745426 0.15840908159760164 55.22043723880422 348.03138211314143 -13.0 255.0 0.0 0.0 1.0
-6.013631601524758 -9.719463115525265 0.0 -0.7462482317572828 0.2683667158011498 69.74188364856957 348.0377337023312 -13.0 256.0 0.0 0.0 1.0
18.963798072938495 1.033521788662509 0.0 -0.06124377480654548 -0.05162015369097393 48.19537177260618 348.0744710645645 -13.0 257.0 0.0 0.0 1.0
-3.5169416581162047 8.653369784491279 0.0 -0.40271325053685664 0.08217231262356409 48.09048258322519 348.13236270337666 -13.0 258.0 0.0 0.0 1.0
-4.063913958260849 -0.9438166679008024 0.0 -0.11036936396458973 0.08299284142458226 52.84544373082299 348.30373881289813 -13.0 259.0 0.0 0.0 1.0
-2.7817520271161116 3.017307343220583 0.0 0.4147513719561971 0.10344685154838675 48.253039762251895 348.358996558822 -13.0 260.0 0.0 0.0 1.0
6.069225900954778 9.692831738136773 0.0 0.9090498316217572 0.06150464044811549 46.70932538892726 348.3717056554965 -13.0 261.0 0.0 0.0 1.0
-13.791540190217386 6.083772798452237 0.0 -0.17175523970559003 0.11540505622086199 49.03562693514587 348.3901429160816 -13.0 262.0 0.0 0.0 1.0
-16.06975677689647 6.187332352716653 0.0 -0.057141788092128824 -0.11635124237773985 69.13674058944119 348.4995741067804 -13.0 263.0 0.0 0.0 1.0
15.534448951442899 8.993094400418032 0.0 -0.3444388536484955 0.09242108356613257 48.38457833858949 348.5158501798852 -13.0 264.0 0.0 0.0 1.0
-13.82498260135247 22.522955002970924 0.0 -0.002501952776944987 0.13109722926711032 49.33665386097232 348.60021896521863 -13.0 265.0 0.0 0.0 1.0
3.3730589263466277 -10.616640144852944 0.0 -0.2664557931996964 0.11366485444344612 48.52171428346338 348.68496153528855 -13.0 266.0 0.0 0.0 1.0
-4.314305910260493 22.52360609106397 0.0 -0.5383244081866777 -0.0034190918115771973 50.46906139225665 348.7085908262284 -13.0 267.0 0.0 0.0 1.0
-4.11247763381503 8.422290891259165 0.0 -0.4335319003948986 -0.020026860202264414 53.50266042978785 348.75870504009197 -13.0 268.0 0.0 0.0 1.0
-11.025509850237173 7.847321066785407 0.0 0.2504908878176146 0.017702769658818174 47.6980998237582 348.88887328171586 -13.0 269.0 0.0 0.0 1.0
1.8751433479345623 -6.571431808281594 0.0 -0.5605801083216012 -0.08899909485449929 51.75272581295173 348.9589839840612 -13.0 270.0 0.0 0.0 1.0
-6.987756525476973 6.751000392322492 0.0 -0.34659855965243347 0.000705548417536701 38.78001513003449 349.1124402597665 -13.0 271.0 0.0 0.0 1.0
-21.647979141786077 2.369060175446965 0.0 0.18817230844757807 0.0877711699050924 50.5175140687824 349.1601282793665 -13.0 272.0 0.0 0.0 1.0
8.943798690305643 6.097702023343656 0.0 0.6788444170446983 -0.027731630694554928 59.80574965347242 349.17220000829764 -13.0 273.0 0.0 0.0 1.0
0.27189515425798966 4.894010161681517 0.0 0.29538953719559535 -0.12496082453956786 48.442533510778084 349.21327978388257 -13.0 274.0 0.0 0.0 1.0
23.342514252358722 1.2307881793304718 0.0 0.2986340504338636 -0.12842292951584075 50.519067770985046 349.2354129949473 -13.0 275.0 0.0 0.0 1.0
-2.8096132100106033 -20.221735758879685 0.0 0.13326298406008721 0.4555194908959775 67.89550142739994 349.2479544597419 -13.0 276.0 0.0 0.0 1.0
-11.329874486123312 10.266432996222454 0.0 -0.16340745201333157 -0.008136696781565086 51.789371957054186 349.3679187265921 -13.0 277.0 0.0 0.0 1.0
9.921284021655516 -3.543340757697754 0.0 -0.34892995591604176 -0.10058940780451865 49.70125235463978 349.4606081303779 -13.0 278.0 0.0 0.0 1.0
-14.842789762452815 -5.845748407889048 0.0 -0.428212264927481 0.009681261223401388 40.2101025649377 349.5521750215024 -13.0 279.0 0.0 0.0 1.0
-7.9038507995224245 -14.280882240306692 0.0 -0.7977074664882982 -0.011562443413572836 39.048807395261235 349.74852315273984 -13.0 280.0 0.0 0.0 1.0
8.160706299595425 4.546726610136465 0.0 0.10362240429153965 -0.02713755592854794 41.36424504156858 349.9967047420628 -13.0 281.0 0.0 0.0 1.0
8.925602936599995 -13.520259934158695 0.0 -0.3541687378234977 -0.15285929112062846 46.52579706403345 350.043270358991 -13.0 282.0 0.0 0.0 1.0
-7.223837451352201 3.576656202701525 0.0 -0.15551879073502822 0.03985626875838317 59.67457525993106 350.0476302696251 -13.0 283.0 0.0 0.0 1.0
-4.499518357081124 6.627150235248736 0.0 -0.7475513239717583 0.06722197229870769 58.692824525910126 350.1471703132617 -13.0 284.0 0.0 0.0 1.0
-6.985564501077331 -4.2563482703235085 0.0 -0.006582574183017419 0.18497860114678544 63.0789758269396 350.1804831904226 -13.0 285.0 0.0 0.0 1.0
2.127090527396837 -5.9638773392585085 0.0 -0.3363369709478242 0.036788030039443836 46.41161418192095 350.1885460025068 -13.0 286.0 0.0 0.0 1.0
-0.31733339063358074 -3.4968791651145428 0.0 -0.3692232099619898 0.048604985529664226 40.59465381662287 350.32374979030914 -13.0 287.0 0.0 0.0 1.0
-9.634787684108922 16.25839025896651 0.0 0.6476169615008732 0.1287411958457726 65.16535659560977 350.3833976629776 -13.0 288.0 0.0 0.0 1.0
11.336388829209662 1.6450062661119085 0.0 0.09788088747282467 0.03521149880226372 55.40840772948388 350.4727906863709 -13.0 289.0 0.0 0.0 1.0
5.414170337818802 10.30189165925685 0.0 -0.46223485649394536 -0.04113235512481881 52.02118991793306 350.52101183864903 -13.0 290.0 0.0 0.0 1.0
-3.138036021920014 9.726783917102518 0.0 0.4051951045771525 0.07608357597729377 50.88367203708172 350.6560550457084 -13.0 291.0 0.0 0.0 1.0
16.189760817304833 16.778352444958173 0.0 -0.21872295605948772 -0.0870054221820586 52.125983729162485 350.67760140468545 -13.0 292.0 0.0 0.0 1.0
-8.634226382313154 6.643871980138742 0.0 -0.4215192512337545 0.016896571417128022 53.769199668934576 350.67991821523634 -13.0 293.0 0.0 0.0 1.0
7.070589915572273 0.13105123926179263 0.0 -0.5758081952470231 0.020524486599250196 45.265042702568316 350.69021446550903 -13.0 294.0 0.0 0.0 1.0
6.2021564620197145 6.331410786687609 0.0 -0.009911033776457854 -0.039319849014022246 45.6537328978802 350.72179178846466 -13.0 295.0 0.0 0.0 1.0
2.4227728611778168 -5.908767568248424 0.0 -0.16130228264101995 0.05120710484171211 47.96444055179174 350.7523108882147 -13.0 296.0 0.0 0.0 1.0
3.5941793436455476 19.86819409564018 0.0 1.4127825593095604 0.0683057952689621 58.03835864730559 350.8098767389191 -13.0 297.0 0.0 0.0 1.0
-4.0344984602044525 -2.4839224562643314 0.0 0.04766720282011657 0.03926029301793931 50.81797653068249 350.8616626192978 -13.0 298.0 0.0 0.0 1.0
-4.594826716982233 13.189598558977147 0.0 -0.08406569930794279 0.041549681825920226 51.36992312569939 350.86879848344324 -13.0 299.0 0.0 0.0 1.0
-9.681037584332469 13.514846121055523 0.0 0.14066000479644233 0.0720680208152058 51.0435009158232 350.89101154125626 -13.0 300.0 0.0 0.0 1.0
9.732488389506186 12.881202943215166 0.0 0.1864983045031254 -0.026201557766903524 49.69070915282428 351.0782206217369 -13.0 301.0 0.0 0.0 1.0
11.673032145893266 -15.932247367396469 0.0 0.24720349127714972 -0.023570382254005935 46.98572472973099 351.22175357880377 -13.0 302.0 0.0 0.0 1.0
-6.069256323432106 16.486284594323852 0.0 0.2544525075523693 0.3520186222479238 61.08101889607805 351.2455913833339 -13.0 303.0 0.0 0.0 1.0
2.689389251893546 4.397829279734913 0.0 -0.2680449367712465 -0.1029169354902028 63.17133606256451 351.25000954261225 -13.0 304.0 0.0 0.0 1.0
-10.913496954018848 2.870575657855193 0.0 -0.06768501359901868 -0.025099652605121363 40.82890803134348 351.31630403746374 -13.0 305.0 0.0 0.0 1.0
-12.35443496786993 -1.2738792741833025 0.0 0.35642663896749593 -0.062049172432974774 51.345761324527665 351.42557261598705 -13.0 306.0 0.0 0.0 1.0
5.611369816014376 5.267436227702631 0.0 -0.24762734653405669 0.014182175941046348 40.393305710623366 351.448252342841 -13.0 307.0 0.0 0.0 1.0
4.856384247996202 3.39883390091 0.0 -0.07201431030917425 0.09904392252958646 45.12289590430127 351.44729384494923 -13.0 308.0 0.0 0.0 1.0
16.182270430504822 -1.3685318177739898 0.0 -0.2008712286018934 -0.0017647965209565627 39.04917279861907 351.49484582693475 -13.0 309.0 0.0 0.0 1.0
-8.145021031328161 21.869565197674973 0.0 0.8541776407390044 0.017535021248756045 59.3441162603343 351.6320214883746 -13.0 310.0 0.0 0.0 1.0
-10.660182465802796 14.157997147569716 0.0 -0.3969420927107147 0.0464656559530971 51.387163975311495 351.656434346805 -13.0 311.0 0.0 0.0 1.0
3.082389275104988 -16.665732046899763 0.0 0.37086383740893647 0.053924384675984705 61.42235724338645 351.7604120926343 -13.0 312.0 0.0 0.0 1.0
-1.7000234335473219 -4.976602710400847 0.0 -0.7374212160283389 0.05045665868879993 42.281305394380354 351.79974658190343 -13.0 313.0 0.0 0.0 1.0
12.275634970739862 -7.258540520939999 0.0 0.31846061862442343 -0.05295049758542162 42.83994158653966 351.81113314578226 -13.0 314.0 0.0 0.0 1.0
-7.070051369444322 -5.20327730565684 0.0 0.5797567864529679 0.010229176809215586 51.35713012756116 351.8149100797313 -13.0 315.0 0.0 0.0 1.0
6.503495953857807 -2.988027939529971 0.0 -0.6752498062401995 -0.011873800203351364 48.67781820423464 351.8417869745659 -13.0 316.0 0.0 0.0 1.0
0.2051917281631053 10.390924123899778 0.0 0.6407297317728893 -0.0318484016981556 52.90261065384381 351.90470494678755 -13.0 317.0 0.0 0.0 1.0
-14.880407292086968 14.846201720265046 0.0 0.260167125418067 -0.014392092358810246 40.214097159098095 351.932525849531 -13.0 318.0 0.0 0.0 1.0
2.0124790940344277 9.95112961927609 0.0 -0.3732648028910154 0.04134868072071975 49.1776690429769 351.96112405607175 -13.0 319.0 0.0 0.0 1.0
-2.5396139702636362 7.0298788732849005 0.0 0.2930318586189987 0.07212658283273582 48.705234391345286 352.08779940472095 -13.0 320.0 0.0 0.0 1.0
6.397892963422335 18.37141368275864 0.0 0.9915110804520678 -0.02200655982045307 50.248922578361146 352.19782184216143 -13.0 321.0 0.0 0.0 1.0
-0.6623563794357069 -4.104933750331277 0.0 -0.014948994613619367 -0.10780844075924065 59.40249269867418 352.2198608432137 -13.0 322.0 0.0 0.0 1.0
-13.749545240075237 18.509208772149247 0.0 0.35201616169540956 -0.02985813144473089 65.09072102123605 352.285965300499 -13.0 323.0 0.0 0.0 1.0
8.800147935979078 -2.2013483650750576 0.0 0.38097766239489533 -0.10141277217024076 56.08681567830251 352.3266061268673 -13.0 324.0 0.0 0.0 1.0
-4.766575446429331 16.134145733906593 0.0 0.1184958443820435 -0.0012721941872413055 47.188166124948076 352.3631280515178 -13.0 325.0 0.0 0.0 1.0
-7.261530280928652 0.9159821233056533 0.0 0.5149264929615224 0.01496205681826455 36.89499645827789 352.39896574342373 -13.0 326.0 0.0 0.0 1.0
-5.1761202628680865 -2.660901891898111 0.0 0.032842269179513155 -0.02578087279347688 44.91725621474449 352.4249063803537 -13.0 327.0 0.0 0.0 1.0
1.9110489693109762 0.9264895460830116 0.0 -0.30175108944579626 -0.06422005376172231 54.426751135819025 352.44465128279484 -13.0 328.0 0.0 0.0 1.0
-8.707565144391209 9.021333553980988 0.0 -0.6068909146776266 0.0029562961790260355 34.413345151902234 352.6232081655012 -13.0 329.0 0.0 0.0 1.0
-15.87452749203812 13.995859190190412 0.0 -0.20387317411997524 0.018481945399287977 67.23304881423822 352.798744320064 -13.0 330.0 0.0 0.0 1.0
-2.0991803334254486 -1.603772731803172 0.0 -0.6003040092252413 0.023375331955081867 59.636829629529615 352.85168067810184 -13.0 331.0 0.0 0.0 1.0
2.6014925805562323 16.896484026424215 0.0 0.0058174025520468554 -0.01685294746977687 48.54984150309054 352.8925816023916 -13.0 332.0 0.0 0.0 1.0
-3.264977937963711 3.9053669045152666 0.0 -0.4577020702636749 0.007879389027127653 44.812877352738575 352.9813360562914 -13.0 333.0 0.0 0.0 1.0
3.6607759501845676 10.5184015880487 0.0 0.073979398101631 0.04030083699813034 38.480304258387086 353.04034199058265 -13.0 334.0 0.0 0.0 1.0
5.603381670994519 -4.6230867977452865 0.0 -0.2063723408024245 -0.00677891418992944 47.647459476617186 353.10720285732407 -13.0 335.0 0.0 0.0 1.0
-0.9545618346403841 -8.508346236018467 0.0 0.40651229245153014 -0.006335036484623551 43.70495105369412 353.11925909029753 -13.0 336.0 0.0 0.0 1.0
3.380017712643831 -1.5423199279417463 0.0 0.30910761674393444 -0.05908054260195867 45.43043028156544 353.11381358382175 -13.0 337.0 0.0 0.0 1.0
2.3916400926614485 2.2741622190590127 0.0 -0.3528169221986045 0.055724841923494174 50.682031720063584 353.15371662951935 -13.0 338.0 0.0 0.0 1.0
0.5518851241845594 15.644707662818702 0.0 0.37618263566817617 0.06817729643055771 64.98866272402455 353.1760118534613 -13.0 339.0 0.0 0.0 1.0
-25.86967459089844 -6.579714757310019 0.0 0.7607031465750487 -0.0026943988899633766 42.60372194204933 353.21352864721536 -13.0 340.0 0.0 0.0 1.0
-13.782718607507473 8.649998599766809 0.0 0.39290317584803053 0.06218294566914026 40.18715457450219 353.31209362954297 -13.0 341.0 0.0 0.0 1.0
2.846373208410931 6.089128536765662 0.0 0.4850176657665553 -0.0732553472243767 43.65669490517149 353.4119155893243 -13.0 342.0 0.0 0.0 1.0
-12.483715988441352 -5.340459478753255 0.0 -0.04582472990373778 -0.11189577287474348 60.734978751719495 353.51287147021367 -13.0 343.0 0.0 0.0 1.0
-11.008671311918292 2.642831968033093 0.0 0.12597466836183732 -0.09622724770482267 51.420145019840454 353.59643672871664 -13.0 344.0 0.0 0.0 1.0
-4.8369680664007 -2.6527782302409015 0.0 -0.06327729134577463 0.01658060793905415 38.689126333362964 353.6680083929219 -13.0 345.0 0.0 0.0 1.0
2.8356762279567738 -9.846667603351202 0.0 0.17281612900839058 -0.03068010567196344 50.92825767518609 353.7896695261787 -13.0 346.0 0.0 0.0 1.0
7.810360198855834 -9.534452056964048 0.0 0.060971268416895034 -0.12342782557965608 46.80155311735638 353.87525742839864 -13.0 347.0 0.0 0.0 1.0
-14.903687222913058 -7.713079316670293 0.0 -0.5450768997815432 0.21536638802520683 56.7864637785777 354.3115150152821 -13.0 348.0 0.0 0.0 1.0
-3.793212778237406 10.028152276722416 0.0 -0.035367986488683244 -0.04577219245038332 47.507480386499815 354.7013113689381 -13.0 349.0 0.0 0.0 1.0
0.2765630031650733 -16.724739214105036 0.0 0.23277008324091172 0.03589953973350732 55.27159922126696 354.70170762525777 -13.0 350.0 0.0 0.0 1.0
-10.070329270036877 12.592867328673039 0.0 -0.46616318676713786 0.03579144202441827 54.60692357097657 354.80965413422507 -13.0 351.0 0.0 0.0 1.0
4.90749753344385 15.416452978085331 0.0 0.3479916455752653 -0.037303941247185016 38.23324916143583 355.0024874543096 -13.0 352.0 0.0 0.0 1.0
-7.619384321952604 -4.119754957602926 0.0 -0.10371616381164364 0.10981749191747572 49.35241436844237 355.0202009173746 -13.0 353.0 0.0 0.0 1.0
7.590785926198951 -15.782125002741301 0.0 0.005556491686143459 -0.06256734756245627 39.41956137762743 355.04874702369943 -13.0 354.0 0.0 0.0 1.0
2.9697490235378483 10.897452087181936 0.0 -0.13943117135868902 0.013561545211294608 32.930742488237854 355.0737094561775 -13.0 355.0 0.0 0.0 1.0
-6.069731439252438 -15.118294071019207 0.0 -0.2040091404474218 0.02267861182654618 41.66928572340301 355.07371729307704 -13.0 356.0 0.0 0.0 1.0
-14.93397078495604 -17.88181727812891 0.0 -0.695356983959087 0.037977925617319414 35.73884074726386 355.09739402509814 -13.0 357.0 0.0 0.0 1.0
1.9038298968706118 6.760687931379578 0.0 0.08581813949349415 0.020047806878484183 42.88185273687121 355.1256698781512 -13.0 358.0 0.0 0.0 1.0
12.43504747409746 -1.7099017333293713 0.0 -0.29069117613717477 -0.00048675405004785003 48.37999893319711 355.1489027769607 -13.0 359.0 0.0 0.0 1.0
-4.528779611661504 11.03165473065904 0.0 0.2751870708804759 0.07437893899824247 40.99420697084762 355.367001415268 -13.0 360.0 0.0 0.0 1.0
7.8268777874349045 -3.6896701842351893 0.0 -0.6095632630570309 0.05061032185493003 37.22633692975262 355.3923860026068 -13.0 361.0 0.0 0.0 1.0
10.7289418610374 -0.5726784052880486 0.0 -0.42441835689815605 -0.03796226209639827 55.14690405174866 355.39352825248534 -13.0 362.0 0.0 0.0 1.0
-21.627644435163987 -6.028330175426521 0.0 -1.1172853779910081 0.0430810445987877 60.04281533954306 355.47928339727184 -13.0 363.0 0.0 0.0 1.0
-5.464257728877334 -4.786301356313693 0.0 0.13719854101059878 0.008739299375305966 43.32155091644744 355.8717878933358 -13.0 364.0 0.0 0.0 1.0
9.435745118245766 13.61654891370202 0.0 -0.23708235160325603 0.01657437364229251 41.15139321358038 355.88345962140403 -13.0 365.0 0.0 0.0 1.0
4.105249404999181 8.056810240171563 0.0 -0.04192775564894583 0.08683791018842811 41.021479571880406 355.89300977468844 -13.0 366.0 0.0 0.0 1.0
-5.97683942912381 13.78840957261718 0.0 0.184692896825332 0.03476689551873412 36.30669007890563 355.91547596630386 -13.0 367.0 0.0 0.0 1.0
12.248714432489336 6.0416027321755115 0.0 0.1260512733479155 -0.020443349176911426 43.28116037911816 355.98233351609815 -13.0 368.0 0.0 0.0 1.0
3.1208051414371156 -16.14727640318491 0.0 -0.12682342633307378 0.01749257251131019 40.56779926151655 356.0122038014758 -13.0 369.0 0.0 0.0 1.0
12.693850140750031 0.8227243855670756 0.0 0.12191041531522788 0.03259131000911725 40.88150883787873 356.06305285289704 -13.0 370.0 0.0 0.0 1.0
11.164204750766046 3.0532706379726866 0.0 0.7949822138884113 0.06058334591036085 55.56362031287663 356.1163944346029 -13.0 371.0 0.0 0.0 1.0
-15.093272596634215 -12.668258363343927 0.0 -0.24729435501152724 0.033417653112828086 46.65549350305581 356.15412222063225 -13.0 372.0 0.0 0.0 1.0
-8.82115189412271 -6.52908190230705 0.0 -0.4244267448646966 0.002833034277904247 43.227454801174666 356.2427272460053 -13.0 373.0 0.0 0.0 1.0
1.2704765588703375 8.028350171638431 0.0 0.44686631637418706 0.003009682933382595 36.90912645194164 356.3714121656454 -13.0 374.0 0.0 0.0 1.0
-0.18528059029952765 7.030120569342164 0.0 0.19988385095277422 -0.08692011968131995 46.80498947916885 356.6829508275871 -13.0 375.0 0.0 0.0 1.0
13.289423563235138 20.9545611290852 0.0 -0.14807275366836348 0.01918858203899579 43.138628207937714 356.7190955057287 -13.0 376.0 0.0 0.0 1.0
1.8077159434578034 9.549504171325689 0.0 -0.10002942627237468 -0.10858811992092622 49.50339646984134 356.79950115386737 -13.0 377.0 0.0 0.0 1.0
0.3578530474628832 6.606171298814696 0.0 0.33565666099609964 0.10103838484099989 53.931044154935016 356.89471626902406 -13.0 378.0 0.0 0.0 1.0
1.7053311672267666 10.190662669539801 0.0 -0.49405697144712457 0.023856788784220512 43.55790842018808 356.987226354131 -13.0 379.0 0.0 0.0 1.0
10.934355027700533 -8.708682680663129 0.0 0.25644021422238655 -0.044401967227112 37.024717771149504 357.0632618108189 -13.0 380.0 0.0 0.0 1.0
-0.21071843971940962 6.756232389959946 0.0 -0.07668034116946484 0.09968232143813706 48.155633822307315 357.0901194823114 -13.0 381.0 0.0 0.0 1.0
-4.129809967635153 20.09195057991955 0.0 0.09316640086488293 0.09370818809039863 49.84929156958424 357.13121811967557 -13.0 382.0 0.0 0.0 1.0
-7.114291541423389 -8.425388876762177 0.0 0.6909310788686435 0.02008574322276255 38.12085661694957 357.1853501750626 -13.0 383.0 0.0 0.0 1.0
4.954310292158947 11.870324629158896 0.0 -0.016402526659337568 0.08646129178820092 46.28287762970747 357.3057134342635 -13.0 384.0 0.0 0.0 1.0
7.763312581335773 10.756860357448579 0.0 0.4254556949903009 0.0025226521567443595 47.9395101759334 357.3651549130367 -13.0 385.0 0.0 0.0 1.0
8.702324465822443 0.2507254064974047 0.0 -0.038500329388260174 0.032940213325988225 37.8688033127052 357.5852247570754 -13.0 386.0 0.0 0.0 1.0
-10.153513823861136 12.199648776007319 0.0 -0.1801560806881386 0.14985372524240265 46.151573259000514 357.58869506841415 -13.0 387.0 0.0 0.0 1.0
5.182965330813023 2.5485040979108313 0.0 -0.3726349714993174 0.011088279858761653 42.23421822789394 357.63319922068007 -13.0 388.0 0.0 0.0 1.0
18.25950957093916 -8.410233609292165 0.0 -0.4776967294660012 0.03122911745295278 41.18775079975194 357.66960189498445 -13.0 389.0 0.0 0.0 1.0
2.1212039783702004 13.836892484343398 0.0 0.013130773751301358 -0.10282383460080113 43.295478244746526 357.90794311592634 -13.0 390.0 0.0 0.0 1.0
-3.444428726003158 -11.789388766923818 0.0 0.631934077749571 0.1109890507876489 50.46342915885047 358.07665791875644 -13.0 391.0 0.0 0.0 1.0
-2.6711647624320927 4.497341551179834 0.0 -0.04203737761464707 0.08619343520143523 49.60075648761452 358.08335695698116 -13.0 392.0 0.0 0.0 1.0
10.486590260090859 3.4038629021934437 0.0 -0.0012910478960983047 -0.024169548527199502 42.10490774844592 358.15431567743775 -13.0 393.0 0.0 0.0 1.0
-9.108572655783787 -13.173883844508536 0.0 0.7289238616480356 0.09105696249722324 61.75151674349749 358.27905288875877 -13.0 394.0 0.0 0.0 1.0
-7.687773787593045 -5.939712392015513 0.0 -0.07116988535080136 0.07482153585063016 62.23453151390942 358.27911573280596 -13.0 395.0 0.0 0.0 1.0
22.15739702408834 0.17623136240703843 0.0 0.39648827259621244 -0.030711307624268668 38.89002962546741 358.5045225177174 -13.0 396.0 0.0 0.0 1.0
-3.976893220091539 -5.118461406848065 0.0 0.022739015774364633 0.18256957603847193 53.802296870611336 358.618886917996 -13.0 397.0 0.0 0.0 1.0
-1.910883365315462 -16.208148096800972 0.0 -0.27130265773130446 -0.2688022505979097 58.926038462747094 358.72633047118075 -13.0 398.0 0.0 0.0 1.0
8.549840939812126 -14.111300264755997 0.0 0.09689099237908584 0.004058088033559696 36.46726042766501 358.8048304584343 -13.0 399.0 0.0 0.0 1.0
9.780921849202823 -3.8864241752681195 0.0 -0.23418265621461495 0.006369475385657644 49.509708237295705 358.99137587443755 -13.0 400.0 0.0 0.0 1.0
8.395800649533989 -22.318359432427812 0.0 -0.17920782806623736 0.006283175765058683 46.93630091468213 359.00194475099295 -13.0 401.0 0.0 0.0 1.0
5.150153788600186 -3.398024163694682 0.0 0.1261993580582278 -0.014704655669828428 33.10974845832201 359.04201754836504 -13.0 402.0 0.0 0.0 1.0
-19.225729122560892 5.199825116795953 0.0 -0.08493205351312638 0.15360249140148724 59.182485297906496 359.1869509199493 -13.0 403.0 0.0 0.0 1.0
-0.6468534950879934 -10.587230901987422 0.0 -0.1420277060330732 -0.005212446715936225 60.003217059290016 359.2399612244621 -13.0 404.0 0.0 0.0 1.0
-10.282578462967884 5.185957614058081 0.0 -0.4737066846372573 0.00889623779499895 40.07680639036936 359.35596342220225 -13.0 405.0 0.0 0.0 1.0
-1.4738424249955342 3.052336849047376 0.0 -0.39538796986342656 -0.00939430463803092 37.09908871325841 359.4216372688067 -13.0 406.0 0.0 0.0 1.0
-0.00810995223326579 -10.757509506736662 0.0 0.258035398751756 -0.06487164475373576 36.96843887082905 359.52602519293947 -13.0 407.0 0.0 0.0 1.0
-15.754083761986518 -15.01041892335894 0.0 -0.7735613241187201 -0.09819497528160544 41.2597735355393 359.5413207015494 -13.0 408.0 0.0 0.0 1.0
1.6719013697001788 -6.6470143269622195 0.0 0.04060763780248406 0.03269337132504743 39.651545810875334 359.55400067812667 -13.0 409.0 0.0 0.0 1.0
-5.642878355983216 -4.330521522216768 0.0 0.3802527405699793 0.006392619831216694 36.97606615042396 359.6263165291636 -13.0 410.0 0.0 0.0 1.0
14.054682479713875 5.518615375532807 0.0 -0.05876149357077404 -0.008925949888417824 41.614299110034615 359.88846867115444 -13.0 411.0 0.0 0.0 1.0
14.433151079381874 3.9987838229377815 0.0 -0.10050364706652344 0.06915425310425233 49.436783285884786 359.90533791884485 -13.0 412.0 0.0 0.0 1.0
0.09666505036677589 0.8988932767884 0.0 -0.045971594571934386 0.08995725568872537 56.896761436828015 359.97582950501123 -13.0 413.0 0.0 0.0 1.0
0.9377813909281534 12.331768403276776 0.0 -0.6469616330834361 0.24381067532496847 57.74885379384912 360.00273745811546 -13.0 414.0 0.0 0.0 1.0
-8.621488568109427 3.3348174060570153 0.0 0.5468163512009508 0.00666387782303847 33.14987392025943 360.08748871617706 -13.0 415.0 0.0 0.0 1.0
7.997608840964771 -3.6566301646004544 0.0 0.19568332689323634 0.06509794323340179 37.35265371660032 360.10751080291976 -13.0 416.0 0.0 0.0 1.0
1.4582794013763023 -24.698129821085963 0.0 -0.7303961304260979 -0.0799040513949988 56.441171445662604 360.11467635712984 -13.0 417.0 0.0 0.0 1.0
16.112467495149065 12.112529691603482 0.0 -0.9990853336051794 -0.021001957432894215 43.13836725850763 360.13422501457705 -13.0 418.0 0.0 0.0 1.0
4.014780877591405 -1.4167180258836227 0.0 0.5417021130095773 0.0979086135823297 46.023079057950724 360.18450054080824 -13.0 419.0 0.0 0.0 1.0
4.493314489100508 -12.480250309809533 0.0 0.2068417713765267 -0.038245287958645895 43.867767969156326 360.25604643962254 -13.0 420.0 0.0 0.0 1.0
6.402169073574183 15.030526463946106 0.0 0.019067678709356946 -0.02871102111628969 38.391423654396284 360.43991427970445 -13.0 421.0 0.0 0.0 1.0
-12.569159277560768 -0.04897295288185534 0.0 -0.21588318577309618 0.025445641392464358 36.543594288812145 360.56111378159585 -13.0 422.0 0.0 0.0 1.0
-7.7391381275028435 0.4561034571458893 0.0 -0.3358051496930737 0.012519259450281128 36.297626646032775 360.6481525865158 -13.0 423.0 0.0 0.0 1.0
-3.7345083017548526 29.889897325197683 0.0 -0.07984284550756665 0.025985672281817276 33.68028776705949 360.8264376050503 -13.0 424.0 0.0 0.0 1.0
8.323991705998006 -1.330652232310515 0.0 0.3315348486497067 -0.02853702025284644 37.874091635575944 361.2034224600349 -13.0 425.0 0.0 0.0 1.0
-13.239796518227445 3.040046174893571 0.0 -0.2706814651851384 -0.02080458497383656 44.21820973513557 361.2173124432043 -13.0 426.0 0.0 0.0 1.0
0.693312877099731 -4.510404305497078 0.0 0.2781760088852219 -0.02969124705890381 39.75074045261257 361.21899385949416 -13.0 427.0 0.0 0.0 1.0
7.317490824160286 -2.282884874997265 0.0 0.2813802906084553 0.03981493143603738 36.34495666569108 361.2915972877748 -13.0 428.0 0.0 0.0 1.0
15.208370400950349 10.479300735295054 0.0 0.432619598558411 -0.049228579625258735 34.10145821073819 361.49387713518416 -13.0 429.0 0.0 0.0 1.0
-3.1430161359533977 17.066179053404817 0.0 -0.07464771253758312 -0.004303990660126007 32.941475195211446 361.6897645472377 -13.0 430.0 0.0 0.0 1.0
10.901245827537004 16.193272793641544 0.0 -0.1884574325186656 -0.15126296175958792 44.718647674303604 361.84975875471156 -13.0 431.0 0.0 0.0 1.0
14.52392647604156 6.88008475001597 0.0 0.9189794107904531 -0.047874150131233764 39.14900806712278 362.28368835727764 -13.0 432.0 0.0 0.0 1.0
-5.579337657306576 1.3126416350681724 0.0 -0.05043423558464495 0.07481062228167577 46.87117651350482 362.9198316279024 -13.0 433.0 0.0 0.0 1.0
-5.039975034975557 -0.01884876552091698 0.0 -0.20696467710961208 0.007449742511811788 36.80088114869965 364.02819830628573 -13.0 434.0 0.0 0.0 1.0
-0.09589095500975395 -3.070168648817534 0.0 0.6736655874861 0.004894374694365993 32.76446672744576 364.1200381753068 -13.0 435.0 0.0 0.0 1.0
-9.352286065042195 -7.014154529655966 0.0 0.5065985734701955 0.020250506286209 35.67759892140014 364.16613404556136 -13.0 436.0 0.0 0.0 1.0
-16.365584590843124 -0.9759018936903358 0.0 -0.02028413304955275 -0.03419133450847714 40.6612505785217 364.56567784753065 -13.0 437.0 0.0 0.0 1.0
10.168999186113087 1.5148911735998811 0.0 -0.11436867712210147 0.008791797967882339 32.63352089940911 364.62821660129435 -13.0 438.0 0.0 0.0 1.0
1.0231730917210025 -8.529917842717419 0.0 0.1790795826283457 0.1717043611674299 51.62782820783781 364.7181300675123 -13.0 439.0 0.0 0.0 1.0
1.2440964070152571 11.300958571709272 0.0 -0.2514851845673526 0.027847240261599723 39.59088606456642 364.74170844157265 -13.0 440.0 0.0 0.0 1.0
-0.263472847635264 -5.506382169265088 0.0 -0.15958631541721574 0.010229367014865336 41.74656485131932 365.1100543820107 -13.0 441.0 0.0 0.0 1.0
-0.09416233775723631 3.6290360868757574 0.0 0.7246059175320243 -0.015845670729767728 31.411768025213586 365.1980273680854 -13.0 442.0 0.0 0.0 1.0
-1.0551804097482844 -19.543963420490094 0.0 -0.18947980622817162 -0.011682738550956976 35.33809005298832 365.29394579059044 -13.0 443.0 0.0 0.0 1.0
-0.9791682996912094 -11.583491192938435 0.0 -0.562266641188677 -0.04144784116496945 32.80450094932703 365.30027998729605 -13.0 444.0 0.0 0.0 1.0
19.62717922876713 9.95530584322728 0.0 -0.10380522322227657 0.002114048280051905 30.88421846058324 365.36140728381986 -13.0 445.0 0.0 0.0 1.0
-9.27319660754544 5.10889883483852 0.0 0.47118801369624674 -0.03077799956106309 39.58729242108352 365.7912379620464 -13.0 446.0 0.0 0.0 1.0
3.627531222632713 -0.4832076407500585 0.0 0.5704556797272287 -0.049579474660958314 36.66440384694166 365.8652782968392 -13.0 447.0 0.0 0.0 1.0
3.173688224552942 19.80398824768344 0.0 -0.21436059453450795 0.023490680704310908 38.09526598883962 366.01743601411823 -13.0 448.0 0.0 0.0 1.0
12.984138359620234 -6.517881533747061 0.0 -0.1450710082852608 -0.07713083943447986 41.87590354379068 366.1216712514551 -13.0 449.0 0.0 0.0 1.0
-1.947432980380252 -5.792254893821139 0.0 0.060897413531815485 -0.059941217432923605 47.98915745322605 366.851373235264 -13.0 450.0 0.0 0.0 1.0
-8.718271054692542 -10.953063021667257 0.0 -0.48578848799671076 -0.024150153221121868 34.542498836519044 367.1722386720251 -13.0 451.0 0.0 0.0 1.0
-6.961505728563798 -6.487801644783372 0.0 0.32500307548390467 -0.1467471676549733 40.78547215544902 367.2009418760608 -13.0 452.0 0.0 0.0 1.0
0.581369660492589 -0.966569207130312 0.0 0.4366221109044036 -0.028020153612577793 33.55945905178737 367.5468955227984 -13.0 453.0 0.0 0.0 1.0
-14.3402806214066 -18.015710082215417 0.0 0.17938233574777132 0.033016442843926255 35.14347528218957 367.82129947082586 -13.0 454.0 0.0 0.0 1.0
10.72429629633692 -13.568868976043097 0.0 0.6546184423496904 -0.004115409408023777 31.48368916393155 367.8538898503002 -13.0 455.0 0.0 0.0 1.0
12.055576086605265 -10.573365405537597 0.0 -0.036661139841428464 -0.0366898090593906 39.100342968425664 368.07170979252936 -13.0 456.0 0.0 0.0 1.0
6.099383203207671 -3.2870155816909046 0.0 -0.7509533881591548 0.02067152209703991 40.5946778336237 368.109354376106 -13.0 457.0 0.0 0.0 1.0
-6.469007039667852 2.5316830967189343 0.0 -0.00428368647615463 -0.0159788653801129 29.52465977709792 368.41291999588555 -13.0 458.0 0.0 0.0 1.0
-24.812245214832362 -9.172343384370897 0.0 -0.4722255208797925 0.019399189803282396 35.40622250741256 368.6737122196548 -13.0 459.0 0.0 0.0 1.0
17.521596477993864 -3.774426066352352 0.0 -0.5884018767354902 0.00284519140104321 32.99118550298089 369.0406067923758 -13.0 460.0 0.0 0.0 1.0
-13.69934033450465 -1.7765517276848566 0.0 -0.05142166126486426 0.026660029891705194 41.76655815898295 369.167685428609 -13.0 461.0 0.0 0.0 1.0
-0.16559038023573844 10.561060072744642 0.0 -0.06378846767646117 -0.01874265812627387 31.274343208278697 369.2009839557551 -13.0 462.0 0.0 0.0 1.0
-19.72359698126963 -16.948914467137058 0.0 -0.12168941939299054 0.011004645214116655 36.46765900845153 369.27379725913516 -13.0 463.0 0.0 0.0 1.0
-7.108448315754284 2.4328367623133524 0.0 -0.11844157093249623 -0.046966462008017684 35.733888734882065 369.4535937718152 -13.0 464.0 0.0 0.0 1.0
13.386733147978642 -9.185339388815954 0.0 -0.13651233509643287 0.00534645297913975 31.117626061009243 369.5063980861754 -13.0 465.0 0.0 0.0 1.0
-16.88421588574132 -0.03386776244108083 0.0 0.008081591130921367 -4.72807041331568e-05 44.04871632909602 369.6230104290101 -13.0 466.0 0.0 0.0 1.0
-6.363522498847819 9.751398798896227 0.0 -0.2599664240003771 -0.002714751330437531 30.4997995020881 369.68841994077866 -13.0 467.0 0.0 0.0 1.0
-5.846055382123194 6.841887809701077 0.0 -0.13560318711427674 0.008030643400243039 43.46330266454255 369.72846134840484 -13.0 468.0 0.0 0.0 1.0
2.783202140676908 11.52737572438647 0.0 0.26278194621995715 -0.02335264540340287 32.270244681442655 370.4766520499354 -13.0 469.0 0.0 0.0 1.0
-6.708300751360828 -7.867760790297225 0.0 -0.16988029295357712 -0.025165056095352946 30.546884269533027 370.49554978345486 -13.0 470.0 0.0 0.0 1.0
-15.655743234366446 -7.226274231634677 0.0 0.5482782959685829 0.015040829967402119 36.816762556446015 370.7536205112096 -13.0 471.0 0.0 0.0 1.0
-4.278809222093467 -6.840189294161091 0.0 -0.1435276662731113 0.004818710096902138 29.723173600670382 370.915945770003 -13.0 472.0 0.0 0.0 1.0
-0.08920048209286655 -5.717692183727875 0.0 0.6141571068834859 -0.008099555168599564 28.057286932649564 371.4658996559273 -13.0 473.0 0.0 0.0 1.0
0.4188033198920829 -3.4308692030384877 0.0 -0.013767079284638491 -0.004848129937144064 28.296678893033384 371.8009611748513 -13.0 474.0 0.0 0.0 1.0
-1.0025695202781901 -0.1029366486802328 0.0 0.6007492968766572 -0.009378787810727924 31.07647755432736 371.99521453224065 -13.0 475.0 0.0 0.0 1.0
-6.357221903922464 -1.25774292792902 0.0 -0.17604328549685844 -0.02966974787353113 31.699754524928146 372.39632047544296 -13.0 476.0 0.0 0.0 1.0
18.704060355975972 -5.14905398827728 0.0 -0.4981866083000583 0.020517081047798546 32.96938985324167 372.67102416417777 -13.0 477.0 0.0 0.0 1.0
5.287395835262714 -23.989213201502604 0.0 0.5076420903807722 0.008918963823442464 31.93739306953028 372.789067645902 -13.0 478.0 0.0 0.0 1.0
-3.9493469563502357 5.1578051443489 0.0 -0.1570279347314221 0.011302990596832447 27.979514717604147 372.9949926903021 -13.0 479.0 0.0 0.0 1.0
17.372639074405516 7.869398452573737 0.0 0.3644766097972208 0.0026254410351588668 30.147518232334086 373.0008272732183 -13.0 480.0 0.0 0.0 1.0
2.9685773306508447 12.877462427638246 0.0 0.3896474901307055 0.01602145754017491 27.20191779592475 373.1445323463771 -13.0 481.0 0.0 0.0 1.0
2.1483699261358504 -9.784354755510508 0.0 -0.19935008494492487 -0.011562859789672508 34.588902399755284 373.28042133318905 -13.0 482.0 0.0 0.0 1.0
8.572670442040899 -4.046667921139512 0.0 -0.1666816789064787 -0.004343846134402535 30.27785590288672 373.5081994257321 -13.0 483.0 0.0 0.0 1.0
-0.8706930166411426 1.0287216210737005 0.0 -0.2566928852621285 0.01581682085945579 29.003274827537872 374.8272414112295 -13.0 484.0 0.0 0.0 1.0
-4.67531965845833 -4.847256871977383 0.0 0.22526938064479723 0.010998330956690639 24.491110275068923 376.91274917589396 -13.0 485.0 0.0 0.0 1.0
-12.543022861716059 -1.7086459240270462 0.0 0.2541479972095702 0.008083563518342966 32.816635686473994 377.83191016633924 -13.0 486.0 0.0 0.0 1.0
10.446102386429398 -8.73820010731058 0.0 0.34703423076974227 0.009717150168115397 22.529105183707962 378.3099060389568 -13.0 487.0 0.0 0.0 1.0
-6.105639340914399 2.3728039186880454 0.0 -0.3907717400210221 0.015470994265664513 34.358526537443296 380.1946054277809 -13.0 488.0 0.0 0.0 1.0
-6.805336418035343 5.195523702558233 0.0 0.2528684543023771 -0.007725852644235884 32.02690393219605 380.2438560609508 -13.0 489.0 0.0 0.0 1.0
12.985128936277048 11.074058908319998 0.0 -0.502677970960729 -0.006052213650451563 26.902247711262074 380.4251499829845 -13.0 490.0 0.0 0.0 1.0
7.665275138109405 21.23446494685408 0.0 0.5412686768309639 -0.03601199353064735 35.969932253421234 380.5135376380959 -13.0 491.0 0.0 0.0 1.0
-1.7785971909005616 5.4152828701221525 0.0 0.32975675485355405 -0.006836163462802357 25.88414374150687 381.6090422466063 -13.0 492.0 0.0 0.0 1.0
2.7324061887038145 0.061279585829408185 0.0 -0.26195788971251727 -0.002868609294609067 23.709731486221987 382.02020671268224 -13.0 493.0 0.0 0.0 1.0
-18.70716666365219 -6.157237058518877 0.0 0.47224936087114616 -0.0029550146469724896 23.95159309803224 382.0301756853634 -13.0 494.0 0.0 0.0 1.0
